m = 2.0011144
q = 1.002664

Test loss: 0.03285198286175728