m = 2.0041554
q = 1.0126637
Test loss: 0.29551032185554504
