m = 2.0385277
q = 1.0235584

Test loss: 0.032371800392866135